01181000
01423000
01440400
01532000
01658500
02027500
02059500
02070000
02108000
02112120
02235200
02298123
02312200
02315500
02327100
02349900
02363000
03049000
03049800
03069500
03140000
03144000
03479000
04059500
05057000
05057200
05087500
05488200
05592050
06221400
06280300
06291500
06332515
06339100
06360500
06406000
06409000
06431500
06447000
06470800
06784000
06803510
06853800
06888500
06910800
07071500
07142300
07145700
07149000
07197000
07208500
07226500
07291000
07301410
07315700
08014500
08066300
08082700
08158700
08377900
08378500
08380500
09065500
09066200
09066300
09107000
09306242
09312600
09430600
09497800
09508300
09512280
10172700
10172800
10244950
10249300
10259000
10329500
10336740
11098000
11124500
11151300
11180960
11274500
11284400
11381500
11523200
12040500
12374250
12381400
12447390
13011900
13018300
13161500
13240000
13313000
13337000
14096850
14222500
14362250
